camera_matrix:
- [598.5683823507744, 0.0, 323.18675074881617]
- [0.0, 598.3460302919185, 237.65286856483831]
- [0.0, 0.0, 1.0]
distortion_coefficients:
- [0.05964938018414296, 0.3854127693704327, -0.0015747468992334428, -0.0003466488046814143,
  -1.658649905610998]
hand_eye_rpy: [45.60127175081633, 0.9272345695631321, 21.927734034132644]
hand_eye_transformation_matrix:
- [0.9275341269724369, -0.250548353275638, 0.2773192491918772, -0.006229589538913913]
- [0.3733879578792436, 0.6533496823652833, -0.6585708963080228, -0.06923581593613519]
- [-0.01618258978805534, 0.7143946494928776, 0.6995558652199991, 0.020852271784116836]
- [0.0, 0.0, 0.0, 1.0]
inverse_hand_eye_rpy: [-43.27147704196139, -16.100274074694543, -15.116146464420966]
inverse_hand_eye_transformation_matrix:
- [0.927534126972436, 0.3733879578792434, -0.016182589788055764, 0.03196742057930125]
- [-0.2505483532756378, 0.653349682365282, 0.714394649492876, 0.028777633557272718]
- [0.2773192491918767, -0.6585708963080228, 0.6995558652199986, -0.058456437293713075]
- [0.0, 0.0, 0.0, 1.0]
